"Camp_lign"	"Camp_herc"	"Camp_fall"	"Form_rufi"	"Form_sang"	"Form_prat"	"Form_cuni"	"Form_fusc"	"Form_rufa"	"Form_lema"	"Form_para"	"Form_lugu"	"Form_exse"	"Form_pres"	"Lasi_plat"	"Lasi_brun"	"Lasi_emar"	"Lasi_flav"	"Lasi_para"	"Lasi_fuli"	"Lasi_nige"	"Lasi_mixt"	"Myrm_sabu"	"Myrm_rugi"	"Myrm_spec"	"Myrm_scab"	"Myrm_rubr"	"Myrm_sche"	"Myrm_lobu"	"Tapi_erra"	"Tapi_magn"	"Tapi_subb"	"Temn_nyla"	"Temn_unif"	"Temn_nigr"	"Temn_affi"	"Tetr_caes"	"Tetr_impu"	"Tetr_immi"
"Camp_lign"	NA	NA	NA	NA	NA	NA	NA	NA	NA	NA	NA	NA	NA	NA	NA	NA	NA	NA	NA	NA	NA	NA	NA	NA	NA	NA	NA	NA	NA	NA	NA	NA	NA	NA	NA	NA	NA	NA	NA
"Camp_herc"	0.453032354111375	NA	NA	NA	NA	NA	NA	NA	NA	NA	NA	NA	NA	NA	NA	NA	NA	NA	NA	NA	NA	NA	NA	NA	NA	NA	NA	NA	NA	NA	NA	NA	NA	NA	NA	NA	NA	NA	NA
"Camp_fall"	0.160189867953224	0	NA	NA	NA	NA	NA	NA	NA	NA	NA	NA	NA	NA	NA	NA	NA	NA	NA	NA	NA	NA	NA	NA	NA	NA	NA	NA	NA	NA	NA	NA	NA	NA	NA	NA	NA	NA	NA
"Form_rufi"	0.461619010051123	0.125324550885766	0.426336081817974	NA	NA	NA	NA	NA	NA	NA	NA	NA	NA	NA	NA	NA	NA	NA	NA	NA	NA	NA	NA	NA	NA	NA	NA	NA	NA	NA	NA	NA	NA	NA	NA	NA	NA	NA	NA
"Form_sang"	0.606777514930972	0.533261077276789	0.0461371029040063	0.279929553993617	NA	NA	NA	NA	NA	NA	NA	NA	NA	NA	NA	NA	NA	NA	NA	NA	NA	NA	NA	NA	NA	NA	NA	NA	NA	NA	NA	NA	NA	NA	NA	NA	NA	NA	NA
"Form_prat"	0.876009776754771	0.433355122158332	0.180200868042511	0.468798085545448	0.57841045084034	NA	NA	NA	NA	NA	NA	NA	NA	NA	NA	NA	NA	NA	NA	NA	NA	NA	NA	NA	NA	NA	NA	NA	NA	NA	NA	NA	NA	NA	NA	NA	NA	NA	NA
"Form_cuni"	0.770607989966296	0.561763579293287	0.119909799665496	0.44321787876759	0.612789480544637	0.776725533241273	NA	NA	NA	NA	NA	NA	NA	NA	NA	NA	NA	NA	NA	NA	NA	NA	NA	NA	NA	NA	NA	NA	NA	NA	NA	NA	NA	NA	NA	NA	NA	NA	NA
"Form_fusc"	0.751868107790133	0.571917081501829	0.0820593653204422	0.367689243297654	0.754458101236376	0.729280586281422	0.803787156957352	NA	NA	NA	NA	NA	NA	NA	NA	NA	NA	NA	NA	NA	NA	NA	NA	NA	NA	NA	NA	NA	NA	NA	NA	NA	NA	NA	NA	NA	NA	NA	NA
"Form_rufa"	0.508964931821607	0.554483365709558	0.0134067269470625	0.224479530436044	0.719895327561061	0.488323859217124	0.558862705378039	0.686303799301324	NA	NA	NA	NA	NA	NA	NA	NA	NA	NA	NA	NA	NA	NA	NA	NA	NA	NA	NA	NA	NA	NA	NA	NA	NA	NA	NA	NA	NA	NA	NA
"Form_lema"	0.200815343362441	0.593409129034919	0	0.00566646699721152	0.2367335525562	0.194520808561029	0.266583861882604	0.22665283989868	0.212569491282398	NA	NA	NA	NA	NA	NA	NA	NA	NA	NA	NA	NA	NA	NA	NA	NA	NA	NA	NA	NA	NA	NA	NA	NA	NA	NA	NA	NA	NA	NA
"Form_para"	0.198950831334531	0.562387780343688	0	0.00331218685964318	0.328276301241114	0.194108367757188	0.253819997427535	0.266138832407109	0.297699314104585	0.678675913997788	NA	NA	NA	NA	NA	NA	NA	NA	NA	NA	NA	NA	NA	NA	NA	NA	NA	NA	NA	NA	NA	NA	NA	NA	NA	NA	NA	NA	NA
"Form_lugu"	0.193331661771694	0.594633579531835	0	0.0016742562236558	0.260336408593018	0.188242754725031	0.255740192854274	0.227343514666756	0.260111252384032	0.804637580285225	0.803791534064088	NA	NA	NA	NA	NA	NA	NA	NA	NA	NA	NA	NA	NA	NA	NA	NA	NA	NA	NA	NA	NA	NA	NA	NA	NA	NA	NA	NA
"Form_exse"	0.0326837336899719	0.117361225508486	0	0	0.0381019995150229	0.0445577707955551	0.0698789742871557	0.0572556915236249	0.0564177773854425	0.17050307670986	0.126512351248656	0.147926183429592	NA	NA	NA	NA	NA	NA	NA	NA	NA	NA	NA	NA	NA	NA	NA	NA	NA	NA	NA	NA	NA	NA	NA	NA	NA	NA	NA
"Form_pres"	0.131041033515336	0.463885714020668	0	0.0014479370335746	0.14676279086842	0.14719064222055	0.225102666156871	0.167355999519513	0.156575794207588	0.726463265889145	0.450036146664491	0.597482852416819	0.226449322743333	NA	NA	NA	NA	NA	NA	NA	NA	NA	NA	NA	NA	NA	NA	NA	NA	NA	NA	NA	NA	NA	NA	NA	NA	NA	NA
"Lasi_plat"	0.482754253230768	0.29979288896053	0.0906263394191519	0.455486209306465	0.577266975261551	0.448349345248026	0.534298629708385	0.596877349018329	0.572431267092228	0.0435059136446136	0.111655642078338	0.052120748937124	0.00591216713909304	0.024302509944513	NA	NA	NA	NA	NA	NA	NA	NA	NA	NA	NA	NA	NA	NA	NA	NA	NA	NA	NA	NA	NA	NA	NA	NA	NA
"Lasi_brun"	0.542186955102759	0.277834130200011	0.251481519986459	0.633566774635501	0.487386737618464	0.528827789537527	0.571400745134415	0.572493275328894	0.491593768087802	0.0360199384164624	0.081250413888121	0.0411900016348692	0.00296266782570476	0.0219171535906234	0.726140781126459	NA	NA	NA	NA	NA	NA	NA	NA	NA	NA	NA	NA	NA	NA	NA	NA	NA	NA	NA	NA	NA	NA	NA	NA
"Lasi_emar"	0.394444531551559	0.0713692488468902	0.684204656901093	0.581115771486974	0.213660579539964	0.408837449456138	0.336368623623581	0.289020334418936	0.174035115332868	0.000936272500856705	0.00266018619753738	0.000693417762246074	0	0.000103670587222271	0.297283147007378	0.488972737864103	NA	NA	NA	NA	NA	NA	NA	NA	NA	NA	NA	NA	NA	NA	NA	NA	NA	NA	NA	NA	NA	NA	NA
"Lasi_flav"	0.701094946707586	0.452971622868418	0.236923369622078	0.589873074477157	0.542475053240554	0.727155639079859	0.771454900459632	0.671569305844263	0.47544132528221	0.262869819796395	0.233311629725783	0.244389106475559	0.0685782156134307	0.219156937638535	0.517975721456684	0.671975252199657	0.470601757268207	NA	NA	NA	NA	NA	NA	NA	NA	NA	NA	NA	NA	NA	NA	NA	NA	NA	NA	NA	NA	NA	NA
"Lasi_para"	0.480633117187575	0.127002332039467	0.265814683811355	0.549587490023516	0.29210256673737	0.491141408923422	0.424406474395896	0.348042171196958	0.251644314819508	0	0.00102382068437157	0	0	0	0.424294927413765	0.495533431723357	0.434631637715321	0.454933670888523	NA	NA	NA	NA	NA	NA	NA	NA	NA	NA	NA	NA	NA	NA	NA	NA	NA	NA	NA	NA	NA
"Lasi_fuli"	0.462470646896774	0.20954699330887	0.177166582403393	0.645521056019085	0.379535426636019	0.441001211907438	0.505885944785621	0.442869256997648	0.417041377834297	0	0.0142920620033462	0.000923063223116194	0	1.11022302462516e-16	0.624879547250279	0.710632573735247	0.379532210345251	0.557003177308494	0.56888251610445	NA	NA	NA	NA	NA	NA	NA	NA	NA	NA	NA	NA	NA	NA	NA	NA	NA	NA	NA	NA
"Lasi_nige"	0.56799422138238	0.196545978941093	0.256876788951232	0.751467762924894	0.3865464075924	0.561270452269428	0.551801448831072	0.480667719511497	0.327086454313604	0.0130585451086169	0.0360942057668601	0.0189489934459018	0.000981606084839326	0.00547277904069998	0.544680722716036	0.680314692653103	0.478856657344161	0.677604658706939	0.572386144238754	0.744857775801561	NA	NA	NA	NA	NA	NA	NA	NA	NA	NA	NA	NA	NA	NA	NA	NA	NA	NA	NA
"Lasi_mixt"	0.50130600397317	0.138730465099116	0.236537413482184	0.679456564613476	0.316703541703588	0.494785906276531	0.483367838076467	0.400319535904249	0.294149792630884	0.00148034485349624	0.000948556146135204	0	0	0	0.550818697906501	0.705156167759162	0.452046291542436	0.585031972698392	0.594113485518937	0.794140266096097	0.748730098196579	NA	NA	NA	NA	NA	NA	NA	NA	NA	NA	NA	NA	NA	NA	NA	NA	NA	NA
"Myrm_sabu"	0.709153652369544	0.600860053076297	0.137706993130554	0.423146347290293	0.576285226834719	0.698262090945305	0.766741249414774	0.671710211343037	0.506551323649678	0.419213144697071	0.412529601578972	0.424944091543801	0.0935458140075089	0.319115337096226	0.450618552994391	0.508853811859864	0.364763806214157	0.779191964388625	0.384518991378551	0.419811925900505	0.515823203051966	0.437719381823335	NA	NA	NA	NA	NA	NA	NA	NA	NA	NA	NA	NA	NA	NA	NA	NA	NA
"Myrm_rugi"	0.431828770554263	0.71255307876688	0.00178487660666737	0.167181073818454	0.648335796048548	0.414037145765185	0.548094604022176	0.621612500273041	0.704719248553811	0.464974405986455	0.524966187554019	0.496109688293951	0.0874078858898567	0.335379834488901	0.47009856069964	0.410970039915057	0.121757052437327	0.483183679749222	0.129548174918698	0.284598489430697	0.230249386232212	0.205092590376435	0.620464494075782	NA	NA	NA	NA	NA	NA	NA	NA	NA	NA	NA	NA	NA	NA	NA	NA
"Myrm_spec"	0.282827584178776	0.023177504905626	0.577753858841752	0.750667014672861	0.120015514865001	0.293193464983418	0.266410359062445	0.198246029875087	0.097093092653546	0	0	0	0	1.11022302462516e-16	0.293500028683756	0.474051556933124	0.582047037278652	0.425870969032809	0.436869721939459	0.506922987672011	0.584435401949317	0.558375194292314	0.280721072689464	0.0611877518352308	NA	NA	NA	NA	NA	NA	NA	NA	NA	NA	NA	NA	NA	NA	NA
"Myrm_scab"	0.200240524805019	0.588149500194538	0	0.0132085493568963	0.263702482613333	0.195309823101144	0.267628780570774	0.237013511284355	0.250714768580454	0.707481897359383	0.650012368472009	0.706275267814618	0.296430679042343	0.633396411435587	0.0543884133238401	0.0445037089338721	0.0064607070293532	0.252223426261966	0	0.0116578695932293	0.0205430850683116	0.00475304085402739	0.421114684991374	0.466163859444866	0	NA	NA	NA	NA	NA	NA	NA	NA	NA	NA	NA	NA	NA	NA
"Myrm_rubr"	0.498784440537222	0.609963570260273	0.000900657837781926	0.162186560077866	0.541539732258173	0.475159529025081	0.5723025035694	0.606202262788681	0.618059482711157	0.358144304097281	0.389310165181181	0.393882710695507	0.101783759310742	0.26295610861201	0.339750921553139	0.320859318377488	0.112462621697035	0.466722709793651	0.124478897571629	0.237788630141636	0.234082444863554	0.196346702621151	0.560830223110694	0.66604864099666	0.0703643043005017	0.422362018085001	NA	NA	NA	NA	NA	NA	NA	NA	NA	NA	NA	NA	NA
"Myrm_sche"	0.72762819561803	0.359152649175186	0.188878116453188	0.525426103957994	0.458511320092993	0.730626953548997	0.705828402354933	0.604116770533292	0.402016758985679	0.180282827894409	0.160221423237149	0.174632333476617	0.0577276434484902	0.155409894394134	0.451898392911483	0.528841896290882	0.381238041613869	0.699069130801359	0.639115183345662	0.53644612771138	0.62386654136835	0.587829637609139	0.650221134183738	0.332722021301673	0.37851901531213	0.178843159888113	0.407773439994988	NA	NA	NA	NA	NA	NA	NA	NA	NA	NA	NA	NA
"Myrm_lobu"	0.014720467750982	0.257932906404979	0	0.000306770671532397	0.0427519658036126	0.033521066639821	0.0875563770680797	0.0293143571350616	0.0312043305936283	0.395253420332214	0.263961675494536	0.322360369730282	0.0454037074227721	0.405127935417237	0	0.000412461961041721	0.000103670587222271	0.0737529709324983	0	0	0.000506940687493129	0	0.132817702477325	0.139817914962542	1.11022302462516e-16	0.280063790300278	0.0699901396124967	0.0349579023975277	NA	NA	NA	NA	NA	NA	NA	NA	NA	NA	NA
"Tapi_erra"	0.622306366276844	0.187488643294518	0.435720213202428	0.611803475288516	0.381560836268114	0.631517349615393	0.500400794253348	0.452549777237746	0.26964253558908	0.0845115886795967	0.0720246400407366	0.0704705867097921	0.0249043198868961	0.0606541783727145	0.393570905493167	0.555714771414522	0.671583630490797	0.603879381293923	0.60088738628982	0.452317624003309	0.588340617055425	0.53736254381045	0.512588332438402	0.199324103958005	0.500359609704918	0.0700522668007455	0.205779799544962	0.612987280699733	0.00601808596943532	NA	NA	NA	NA	NA	NA	NA	NA	NA	NA
"Tapi_magn"	0.0796872634633349	0	0.619598435943948	0.273742830192188	0.0231065141452489	0.0917741587034434	0.0601237268308551	0.0423173981381293	0.0060664455295415	0	0	0	0	1.11022302462516e-16	0.0402690951933745	0.142408035014103	0.453969423651993	0.124187522128948	0.154410902471805	0.087497330527988	0.144826406115916	0.103449446861078	0.0667907685640523	0	0.407282787379537	0	0	0.0949345868528121	0	0.25688616366712	NA	NA	NA	NA	NA	NA	NA	NA	NA
"Tapi_subb"	0.25338426586294	0.00958612704576645	0.681425368715994	0.636485590014252	0.0929592970336408	0.26730620809812	0.20762118762416	0.152234801247517	0.0433591914629202	0	6.43594352651711e-05	0	0	0	0.195441429426819	0.371218371244887	0.622370190010692	0.365010035906338	0.342114661142128	0.346725498008655	0.462382777467654	0.404062112948183	0.235810552416704	0.0153075901832105	0.75463366060875	0	0.0171779305542979	0.316333022802997	0	0.503456668287833	0.452707155726963	NA	NA	NA	NA	NA	NA	NA	NA
"Temn_nyla"	0.416836708746313	0.289084168450759	0.068646235387801	0.364215191346764	0.565702040113573	0.382602917501106	0.481467094363784	0.548643542676075	0.645593063833653	0.0163187379726555	0.0826143768169404	0.0326294787981715	0	0.000716727000861783	0.701747653585385	0.642083660269267	0.245414496961141	0.41833566041015	0.411869129615275	0.634227898124063	0.461659474275199	0.501927654285413	0.372354280603707	0.44753163140734	0.238532018171718	0.0344970617295982	0.338066831451473	0.370154964153878	0	0.29093386585901	0.0342779935498415	0.130456732995214	NA	NA	NA	NA	NA	NA	NA
"Temn_unif"	0.299616054577099	0.0276536751938523	0.747019263992635	0.599810002849609	0.126024259878511	0.316942600066384	0.232583561117461	0.180286578060122	0.0589840493954479	0.000769938887932309	0.000598853608959282	0.000721117529041693	0	0.000643090202824381	0.218072920430473	0.381880153122303	0.716657692588951	0.370017935857298	0.435994013878138	0.342033333235555	0.438838465725027	0.404957531031056	0.263627763661749	0.0208244628967144	0.682822943525668	0.000769938887932198	0.0142840216966895	0.356547909547915	0	0.611447036661087	0.496944646572784	0.763994754298506	0.152314528385305	NA	NA	NA	NA	NA	NA
"Temn_nigr"	0.219915991538751	0.512288901138218	0.000387175145938667	0.00195991514711669	0.241031458801985	0.207297149299216	0.249476543869906	0.25453433959291	0.289968156085169	0.520212402045634	0.605997349775276	0.639418328779448	0.163221858556194	0.369740052805163	0.0483690169570019	0.0378442478410316	0.000490845733160938	0.221757144140058	0.000387175145938667	0.00368019645668316	0.0181110413817114	0.000387175145938667	0.37469639743725	0.408988551755776	0.000387175145938778	0.586738457934821	0.449284556711221	0.200522313286516	0.121561328988898	0.0715820467931837	1.11022302462516e-16	0.000387175145938667	0.0227803225317773	0.00115711403387098	NA	NA	NA	NA	NA
"Temn_affi"	0.431667466841601	0.100683471506598	0.156487058358499	0.535510688514686	0.240896733772192	0.428441765691153	0.407235435763161	0.323059361237303	0.204734444323038	0	0.001507352421664	0.000197920413924302	0	1.11022302462516e-16	0.415123457565438	0.472787875066117	0.332682113803113	0.450475758269531	0.626350469031953	0.580301559651369	0.611766258485126	0.568416429810496	0.374822216507779	0.11033894188061	0.405391345663236	0	0.155928529252939	0.623739354560421	0	0.452701232323629	0.079867436309722	0.303519585342916	0.371904937473606	0.327035896180365	0.00201825797308208	NA	NA	NA	NA
"Tetr_caes"	0.569610555733255	0.182624784127197	0.485171202877196	0.683019289270618	0.377927586049628	0.586080066534063	0.498572866269139	0.458033433479285	0.296367185223796	0.0259359513891981	0.0419845917022398	0.0211075810927678	0.000276745938088685	0.00855382008773697	0.448299776200794	0.638278027649532	0.759722804523435	0.623842965930753	0.555709567698514	0.509452490049614	0.633757536458009	0.571827893702136	0.497797369288062	0.233299503706503	0.562620486903739	0.027872346969767	0.212763982758726	0.524164753749491	0.000276745938088685	0.81629187651779	0.291684233605785	0.568890626223981	0.36800727762642	0.636215032705597	0.0191169385723506	0.432652842616455	NA	NA	NA
"Tetr_impu"	0.253512723883351	0.609665057970554	0	0.00429122227728751	0.234278844070038	0.251788381689692	0.336266544507827	0.294362570597978	0.258564462366694	0.695545071677891	0.544283715061167	0.659506461034271	0.253200816158028	0.660865315160518	0.0415564588929614	0.0401993210728507	0.00594122587293466	0.291878042001801	0	0.00432722543156816	0.0250180605281098	0.00155256673987414	0.43098458373973	0.437791776340445	0	0.739786671279124	0.45124470707666	0.241895200772199	0.286758033030296	0.093911146350297	0	0	0.0141000303066058	0.000769938887932309	0.597690918208911	0.00262968241291861	0.0335206008023521	NA	NA
"Tetr_immi"	0.0436711295588156	0	0.600242981244106	0.182994394835363	0.00480890458415895	0.054586227370366	0.0370823140396794	0.024267878642096	0.000201136581923556	0	0	0	0	0	0.0260129171253892	0.113422057097678	0.387712568957667	0.0863286550059967	0.0586229612263227	0.0318451893403966	0.0744401825922792	0.065756578110127	0.0380642816074839	0	0.26700119503351	0	0	0.0488921527460596	0	0.181456884075819	0.54318460642682	0.416400695606946	0.0247236135481322	0.424773203244017	0	0.0209751139136154	0.22216487870432	0	NA
